200 200 #width height
40 #generations
144 86
68 185
159 34
115 5
129 83
131 154
73 28
142 91
83 155
34 115
91 24
16 156
115 155
97 67
198 21
53 166
119 179
100 186
115 29
163 176
116 112
157 161
59 22
54 140
31 128
110 38
58 129
14 89
122 113
151 94
104 147
130 75
15 127
129 122
70 173
149 93
149 46
59 137
134 74
65 73
68 65
82 187
75 157
132 191
82 152
26 112
56 91
21 33
39 123
195 26
2 122
0 39
72 198
102 133
90 71
155 110
94 173
75 122
21 120
86 71
161 74
148 74
163 153
142 29
51 12
80 35
55 44
185 21
171 180
82 99
120 143
181 65
73 130
139 14
111 195
173 178
160 133
64 171
49 98
145 111
199 138
48 196
5 97
89 45
70 199
51 108
75 117
43 97
37 166
175 146
56 39
105 161
46 173
182 116
187 117
65 124
186 5
133 120
156 170
11 196
65 44
128 169
129 90
21 109
111 176
198 131
26 133
96 9
125 116
35 67
120 188
17 179
18 139
193 64
51 128
46 63
108 170
23 31
60 7
52 141
49 63
141 58
173 176
163 109
10 114
153 95
58 89
121 197
69 83
187 194
131 135
110 15
14 4
120 194
153 148
72 33
195 42
49 195
106 150
158 52
170 150
66 6
15 1
116 61
43 24
39 41
53 126
179 23
199 82
113 3
158 187
93 73
14 46
132 30
196 79
155 189
141 178
1 117
130 125
105 116
129 180
55 144
153 138
94 198
10 58
113 158
27 139
137 0
170 74
80 7
167 164
160 128
135 8
15 35
70 126
102 61
77 43
43 5
106 189
102 93
111 79
92 109
0 196
4 184
107 62
77 109
140 188
11 183
45 121
179 19
37 158
37 3
69 188
191 175
133 160
28 81
87 32
9 88
132 47
108 178
77 168
145 15
154 148
195 68
185 22
119 69
31 176
15 184
41 100
30 158
15 164
142 178
82 81
18 36
97 191
10 103
163 84
0 15
2 164
143 13
151 14
118 123
189 126
69 145
1 77
102 131
62 32
179 193
106 134
87 39
18 78
185 135
149 187
158 8
194 189
186 142
65 112
149 126
12 128
116 186
38 138
43 87
187 186
47 199
163 199
107 152
24 72
98 157
41 122
84 37
133 26
84 109
195 15
49 118
185 58
107 170
106 187
107 5
136 62
197 119
93 156
158 124
115 1
133 137
12 138
163 173
16 63
195 71
83 52
51 114
94 31
78 101
107 181
66 86
44 177
80 171
66 115
105 30
140 86
28 194
187 64
98 113
145 94
10 122
189 3
156 148
152 169
102 198
5 164
28 8
94 142
155 190
89 137
70 14
196 149
93 193
100 26
189 27
52 119
47 144
68 109
129 179
6 126
14 16
58 46
85 9
95 21
42 177
29 45
136 34
191 70
88 109
13 124
180 147
199 69
91 135
182 132
163 4
153 121
12 132
174 106
101 22
197 24
16 82
139 100
71 165
33 116
197 8
82 125
155 10
73 52
61 150
51 123
180 114
139 0
141 54
25 174
82 93
32 99
165 20
199 181
108 196
162 134
62 166
6 124
192 127
74 164
63 64
12 52
90 152
160 155
74 50
15 133
17 80
146 99
81 53
21 72
34 108
165 115
72 147
26 52
13 148
132 179
19 17
58 150
61 73
41 115
102 175
115 155
89 151
150 167
67 92
171 30
158 72
147 95
92 199
39 41
132 23
83 120
22 63
166 52
58 158
177 179
110 128
82 143
113 82
72 132
121 105
189 199
34 102
196 192
19 172
128 143
190 111
172 107
145 197
108 175
64 68
113 75
43 104
141 152
32 11
48 121
12 191
108 197
42 78
178 98
154 31
59 44
83 90
15 161
101 157
100 56
52 14
171 69
54 43
10 66
53 121
79 192
52 169
114 28
78 158
124 82
95 161
15 170
43 195
180 77
151 22
29 127
124 165
24 88
126 130
164 122
142 3
58 15
39 49
56 100
197 133
88 66
161 121
84 86
48 168
87 10
32 183
169 167
75 82
199 137
195 186
36 7
5 40
2 147
113 84
66 161
120 137
71 80
14 11
162 85
161 191
177 139
183 8
25 73
47 113
181 73
195 186
104 4
170 15
98 71
73 147
31 56
131 136
125 5
7 27
102 164
183 101
134 94
34 191
15 117
29 22
184 8
145 129
136 59
87 171
28 22
66 106
126 93
116 86
169 71
103 30
85 90
149 174
110 174
19 66
98 119
23 53
20 155
72 82
61 116
197 115
195 176
93 54
47 49
79 33
180 121
172 126
62 81
29 114
25 88
55 172
34 119
9 16
120 89
119 115
150 155
45 62
194 119
177 73
159 116
186 106
37 152
174 56
133 199
43 79
103 1
191 41
74 16
29 38
31 112
57 143
46 169
171 192
185 156
6 96
131 178
152 140
144 28
20 197
42 120
87 26
5 155
107 112
156 27
163 156
104 45
94 58
119 98
56 56
58 174
128 86
87 75
80 90
156 64
114 74
174 86
112 165
153 123
66 114
31 163
180 145
172 143
136 166
180 95
21 99
174 110
172 56
156 157
48 56
77 188
188 137
153 71
150 109
139 166
45 183
52 175
35 140
83 39
98 164
174 147
58 160
190 176
189 83
190 47
192 115
82 177
138 110
193 41
103 193
6 152
68 47
102 142
162 183
4 144
25 196
68 61
78 46
82 130
122 82
36 77
47 84
16 19
31 22
4 24
133 123
92 139
28 150
54 67
2 60
100 151
78 192
3 43
91 75
40 46
38 142
2 144
37 11
19 44
96 71
65 120
85 79
135 91
139 42
126 119
78 23
82 191
190 21
127 143
57 102
198 159
81 54
23 178
24 48
61 144
118 180
12 75
177 150
77 146
46 194
162 100
102 175
62 155
151 143
1 69
4 10
136 127
34 92
14 160
99 36
11 32
29 33
67 54
61 97
68 66
123 78
4 52
32 38
20 155
39 192
109 100
155 162
156 189
12 21
20 15
170 176
186 185
14 190
12 34
191 130
92 151
4 51
113 5
135 30
149 35
99 164
150 171
125 154
46 92
9 111
54 8
192 101
21 194
16 188
158 162
4 82
139 64
111 197
84 92
88 179
79 191
19 152
104 31
123 184
118 75
109 37
51 68
13 197
182 132
142 125
109 105
83 157
168 89
75 139
152 133
158 66
57 47
97 2
147 193
130 26
157 146
147 86
24 60
107 48
46 71
149 22
47 170
174 29
122 109
38 72
76 171
70 111
116 197
99 144
139 13
12 81
174 105
162 68
183 62
49 92
93 149
29 94
156 103
77 73
119 195
145 66
155 173
23 114
51 84
175 46
4 38
187 148
77 54
82 163
149 135
47 19
39 149
101 184
91 107
130 141
114 44
44 141
39 96
87 75
140 26
105 69
126 83
64 102
81 15
8 153
117 164
93 191
153 28
15 99
40 60
115 158
49 94
46 17
55 100
111 18
138 18
84 187
35 17
180 1
27 179
114 86
73 4
18 186
57 13
49 188
95 181
198 78
51 184
175 196
12 146
89 185
4 183
103 81
52 63
84 147
42 43
124 91
26 89
34 89
160 9
182 2
44 109
124 7
70 133
11 182
77 130
61 173
101 50
144 68
17 77
86 125
15 186
18 26
113 146
60 91
107 176
97 165
77 192
24 65
113 68
39 192
111 27
162 196
16 82
43 73
89 155
64 168
172 103
31 160
106 52
33 100
144 15
27 184
143 30
131 182
102 54
163 185
147 192
198 73
32 121
166 182
61 145
156 12
100 115
81 50
48 133
117 16
5 62
170 81
93 94
25 34
162 20
169 127
81 65
127 62
190 33
65 184
187 182
146 82
0 28
91 139
141 52
119 82
0 8
58 170
34 142
4 142
175 184
31 137
123 20
36 80
29 104
86 34
151 149
43 2
88 7
86 81
177 129
187 5
115 180
88 26
4 195
47 35
111 107
131 43
135 35
106 124
187 153
27 123
125 179
148 112
101 37
165 176
0 39
165 28
65 124
17 152
142 177
35 156
102 157
74 177
70 83
104 86
9 22
150 170
49 9
20 193
82 113
85 150
43 119
18 41
94 153
158 37
58 46
87 172
36 101
160 24
185 139
66 192
25 10
114 1
148 131
0 161
153 31
99 185
109 46
141 172
176 130
152 172
77 134
54 79
199 91
137 30
0 118
70 160
81 167
99 161
9 72
193 179
6 0
13 128
51 66
139 114
31 107
16 21
106 160
189 46
66 22
64 193
86 10
33 78
74 197
120 30
195 143
49 0
177 26
103 66
100 72
127 83
183 20
131 88
79 79
99 167
196 102
122 17
194 174
18 139
162 28
43 84
57 17
13 14
190 142
158 47
98 40
108 17
30 66
84 136
145 115
36 131
5 188
191 15
50 184
36 108
22 51
70 78
183 52
145 100
97 137
95 174
123 34
67 173
48 143
180 23
10 137
190 106
38 196
97 138
192 76
99 73
97 41
36 42
60 31
117 91
69 65
130 63
194 117
78 195
151 193
121 193
23 10
107 37
184 32
49 59
120 38
33 162
112 124
132 125
82 83
108 19
60 48
101 133
186 94
11 20
45 22
19 181
197 32
179 83
94 100
161 57
51 174
130 75
76 29
167 67
86 164
187 33
170 75
181 180
94 86
87 99
53 176
145 33
117 158
135 126
87 11
125 20
44 81
77 13
55 94
17 114
10 71
30 81
164 188
83 25
5 135
185 12
97 70
84 184
28 58
179 142
131 20
96 65
159 174
142 197
98 127
189 132
17 49
138 35
99 160
179 147
109 69
106 199
71 15
46 121
195 100
18 183
50 199
39 96
43 152
151 94
131 29
158 142
121 175
55 110
92 187
187 193
91 106
24 135
109 133
91 70
4 159
99 126
67 88
125 27
133 0
61 25
97 186
0 3
114 7
102 52
185 95
8 9
72 171
70 22
195 37
147 13
103 74
181 29
68 20
88 1
178 5
13 107
187 41
132 52
40 190
187 124
124 10
7 168
158 7
36 107
127 165
188 102
4 180
159 33
161 28
134 75
108 42
70 166
49 95
49 129
51 159
136 107
125 77
4 156
78 37
158 188
28 28
35 190
159 186
7 122
49 91
117 60
19 129
106 122
45 52
126 15
2 147
129 118
49 59
51 167
47 173
112 60
147 35
182 40
91 113
93 43
155 69
66 117
57 109
111 168
134 116
19 68
35 157
9 61
181 2
173 152
76 19
97 87
170 145
93 180
166 63
16 122
77 157
118 174
188 119
173 43
51 115
71 140
84 166
28 159
158 138
29 44
95 16
27 83
172 30
1 179
182 20
124 179
81 185
46 143
87 29
18 38
30 174
175 175
146 31
193 166
59 154
70 95
169 117
130 59
157 140
128 175
91 180
152 13
164 13
157 120
43 17
82 24
20 156
62 151
148 124
124 55
142 154
75 145
158 142
123 36
26 34
26 113
1 4
122 69
124 106
72 138
89 182
21 41
47 124
67 187
99 143
18 86
134 136
11 91
125 151
22 143
177 55
117 25
189 110
68 175
50 180
78 118
198 80
165 175
15 38
152 136
113 190
111 130
17 48
35 170
27 81
150 30
45 73
198 127
136 180
183 146
49 190
125 159
116 137
71 112
51 197
55 105
85 87
181 138
109 113
135 26
139 106
12 73
51 61
71 140
183 107
185 116
61 145
70 87
140 167
32 148
41 50
5 13
2 53
64 77
16 109
28 92
67 150
145 26
185 126
40 97
176 95
96 15
35 67
105 53
10 47
28 138
30 146
177 2
38 111
56 142
155 61
43 95
163 99
111 25
84 124
152 115
131 142
90 172
52 30
101 105
195 76
4 113
121 47
43 31
95 1
89 72
33 35
25 64
114 78
136 11
147 92
127 153
198 162
4 120
86 48
186 105
86 107
15 175
42 125
123 161
147 34
135 8
27 123
10 82
132 147
89 95
124 40
93 190
137 170
190 198
191 138
49 171
88 76
6 51
3 7
135 72
186 17
32 75
157 31
181 173
95 118
166 108
167 101
158 130
6 136
187 71
17 106
99 36
139 2
146 113
104 104
74 163
169 83
164 72
8 120
165 190
123 128
94 194
54 166
36 30
58 18
69 164
165 194
9 123
77 162
2 0
72 115
170 130
97 61
62 88
130 123
22 192
168 110
100 21
151 13
26 187
63 31
148 51
120 59
170 57
56 193
42 46
20 15
55 157
14 193
25 164
64 78
166 140
196 15
94 124
52 105
145 115
50 143
180 190
189 28
191 67
176 189
84 124
83 23
87 3
47 153
51 176
84 191
8 36
12 73
78 148
104 179
176 5
199 62
19 153
123 161
156 71
115 39
172 191
26 100
81 66
26 13
108 18
78 198
126 195
6 84
85 142
199 6
7 191
88 148
169 95
66 168
111 165
29 23
8 35
26 41
3 142
76 70
154 176
37 174
8 95
192 112
18 29
118 189
63 11
164 127
44 52
196 131
101 60
131 187
174 91
139 150
153 20
18 80
180 77
186 39
5 149
29 156
85 153
177 76
56 166
171 109
197 23
14 12
16 4
122 191
188 130
141 184
13 181
90 60
23 99
109 81
152 94
79 170
111 106
41 56
81 83
127 102
76 58
197 187
64 92
1 123
6 2
153 33
138 14
183 50
160 86
197 35
19 169
169 4
188 16
128 180
188 44
2 146
90 149
37 1
69 167
149 44
39 187
136 159
148 20
135 158
36 101
136 132
146 105
66 150
192 188
191 130
134 98
151 48
162 85
105 55
82 182
162 69
99 164
9 190
94 55
196 189
65 49
48 167
16 29
185 197
52 150
145 0
97 52
188 10
137 81
57 179
153 48
182 41
7 93
107 48
161 68
105 159
34 48
126 161
63 19
174 52
66 21
152 124
0 14
88 42
45 61
143 103
95 140
129 151
173 135
127 24
77 31
108 0
151 18
87 161
66 75
109 86
133 31
111 150
121 176
113 103
185 78
44 81
25 134
5 97
140 173
47 41
187 130
156 116
125 170
185 64
90 85
171 131
116 45
136 101
83 52
20 122
168 194
109 195
124 52
171 174
168 44
158 85
174 15
67 15
151 95
146 197
1 111
69 64
70 52
18 192
100 188
23 177
166 139
135 110
158 167
9 190
101 170
84 169
75 9
26 31
121 159
68 144
19 14
127 71
48 117
130 27
36 38
135 114
160 118
108 96
13 68
41 11
194 13
156 108
42 153
118 57
138 47
182 44
117 72
13 151
10 158
161 109
14 96
52 121
154 77
114 71
16 47
40 87
98 142
29 10
5 127
36 92
199 194
159 49
99 131
164 60
138 20
196 56
161 157
140 54
135 13
104 51
152 114
127 166
69 58
169 92
57 81
89 45
110 60
66 139
25 18
136 49
155 186
114 150
57 181
147 160
0 101
174 54
5 105
89 4
182 29
28 89
60 121
62 79
184 162
114 23
42 87
129 40
80 129
99 193
106 122
116 133
159 21
89 182
145 195
122 48
107 194
176 89
196 93
54 82
55 171
3 0
88 195
111 10
149 160
122 158
69 50
128 106
171 22
34 7
58 26
192 65
78 150
158 144
181 175
34 88
114 192
69 156
83 149
13 142
0 31
185 141
193 33
61 111
199 153
31 100
193 85
39 189
152 109
81 93
185 21
121 68
60 111
180 143
128 14
138 182
5 4
106 87
18 0
125 49
91 119
158 120
112 193
152 159
59 21
14 154
13 87
171 169
127 160
63 101
187 198
110 24
51 172
17 122
43 89
169 176
11 169
130 78
149 175
31 142
141 95
0 185
26 68
71 194
61 85
161 106
170 101
138 85
32 90
176 73
198 124
31 43
83 195
160 111
133 150
10 142
129 100
103 191
31 106
43 171
122 107
170 190
172 79
159 124
177 48
78 171
108 92
6 105
103 165
85 190
48 140
52 137
96 190
195 141
165 114
3 40
185 105
127 5
137 24
148 25
4 7
185 11
90 42
196 152
123 142
16 136
36 15
174 84
85 131
15 72
18 17
150 199
0 82
9 159
47 13
163 175
95 39
188 172
68 53
103 9
78 184
59 140
176 21
197 6
136 177
125 143
43 174
76 26
22 97
197 55
55 152
186 177
52 105
98 69
88 132
196 74
70 11
18 199
51 31
117 166
169 140
102 63
70 63
14 185
140 62
21 72
81 96
34 32
198 129
35 158
20 129
121 24
47 71
18 97
55 162
98 124
116 190
2 70
91 169
131 27
37 62
167 62
179 183
106 193
59 35
19 73
167 68
147 1
82 192
6 181
160 71
119 165
45 52
197 118
158 46
85 24
54 70
173 25
126 110
102 171
199 116
81 183
184 109
77 176
186 149
119 78
39 21
61 99
126 162
144 114
186 157
39 186
115 178
190 153
38 56
175 24
67 59
95 159
111 109
18 151
66 16
176 173
53 88
71 92
160 149
45 112
35 187
160 136
21 87
97 98
66 75
123 158
188 37
45 59
97 66
31 0
69 76
115 43
0 85
31 18
114 190
197 182
116 156
170 116
103 86
136 168
128 109
40 58
175 160
70 136
133 85
128 71
77 152
101 101
48 49
50 78
35 166
38 194
12 54
13 164
113 180
143 175
45 51
61 110
193 45
70 193
112 19
21 0
145 181
181 73
17 31
129 51
119 73
186 107
164 104
51 134
51 180
8 89
87 82
179 183
0 190
179 156
49 82
137 66
112 11
85 106
153 18
126 190
90 116
143 42
114 29
175 147
183 46
91 6
199 175
171 119
160 137
14 69
42 65
96 135
101 40
75 74
116 45
70 34
45 72
121 44
9 149
155 165
79 131
145 120
144 78
127 33
143 104
9 169
21 72
59 10
37 51
51 77
193 122
94 153
60 96
142 173
36 99
93 157
127 96
134 142
178 171
185 115
183 41
87 41
14 24
84 108
143 4
16 48
63 49
83 102
3 198
189 127
40 198
29 78
199 117
59 125
77 121
63 38
18 6
133 49
63 38
38 164
125 105
113 95
22 36
197 70
152 174
10 132
123 151
102 120
88 55
45 135
171 26
32 135
146 165
45 104
82 148
43 13
161 186
136 90
2 57
195 76
118 25
37 19
108 107
129 135
108 85
183 34
68 55
126 126
159 30
124 33
74 73
155 78
124 109
24 119
164 65
52 64
90 46
126 112
127 76
154 80
89 119
128 7
115 164
61 166
95 88
3 171
148 177
190 190
58 68
143 181
63 41
15 62
71 191
77 151
165 30
73 48
181 137
151 60
55 169
129 172
123 15
93 139
176 153
110 89
121 48
40 139
141 50
172 88
161 82
158 156
95 20
18 1
10 189
19 34
159 55
180 110
16 169
6 74
109 156
81 82
189 53
118 5
166 109
134 165
14 140
59 172
94 96
49 174
112 6
112 63
31 141
159 10
156 5
85 155
8 53
89 195
192 191
150 19
121 25
63 90
167 28
159 43
190 49
52 162
14 113
110 188
69 188
3 161
134 108
56 72
103 91
81 29
179 135
28 106
167 26
109 194
26 79
167 131
97 102
176 187
24 165
31 164
14 15
152 103
25 87
161 119
199 131
76 168
140 25
110 155
157 29
187 193
115 62
12 179
119 103
125 142
77 85
111 177
45 89
24 98
177 48
130 122
0 61
144 161
162 6
64 0
177 185
118 88
114 145
124 73
197 143
147 40
116 163
186 18
0 127
87 193
161 71
130 74
141 81
5 74
32 166
36 177
194 9
126 36
39 152
34 59
159 183
34 30
166 135
4 144
33 98
63 197
167 83
81 79
175 37
41 82
145 17
42 111
199 3
83 138
195 72
28 3
179 71
70 167
116 152
35 93
44 85
59 94
43 48
146 104
126 179
11 5
116 18
132 120
179 2
98 59
100 91
10 148
40 2
52 12
129 166
51 80
142 33
84 109
166 94
80 76
160 73
174 160
36 127
4 24
149 112
69 169
52 122
54 80
197 53
60 144
135 9
142 178
184 198
137 60
59 120
53 104
143 160
126 68
61 31
68 116
114 50
105 25
188 33
101 42
134 170
57 127
33 197
6 43
85 136
171 168
141 17
155 199
31 12
94 83
180 188
48 128
173 168
199 50
16 39
128 83
145 98
190 133
186 165
64 181
183 44
29 120
119 59
15 177
64 161
40 72
173 152
178 91
154 34
42 169
78 37
9 109
46 68
10 71
176 15
76 49
25 115
70 73
83 9
81 157
53 171
127 170
122 132
167 168
81 35
55 96
7 29
143 41
130 131
162 114
180 37
67 93
50 32
161 169
93 171
26 21
173 138
111 31
90 175
117 96
43 124
44 64
90 87
58 29
40 87
12 23
172 61
43 62
122 66
199 108
181 173
75 106
95 137
135 118
19 199
7 46
37 105
21 141
171 41
69 63
109 80
86 95
177 88
42 125
53 158
166 58
89 125
6 17
156 125
163 195
41 106
27 79
148 96
62 160
147 185
155 98
150 126
5 199
112 52
78 13
59 14
156 94
27 46
138 36
147 122
107 112
113 92
114 154
49 144
138 102
17 4
118 103
34 36
84 137
7 170
0 46
129 98
170 74
187 136
111 121
33 183
53 182
65 121
67 101
30 47
92 46
153 39
118 36
136 77
145 147
84 157
92 125
148 179
87 45
95 145
121 179
57 128
20 30
15 154
27 162
179 160
68 71
125 184
84 146
133 59
139 47
70 136
65 35
106 178
95 197
11 119
182 78
82 81
169 126
76 84
105 183
64 65
51 100
32 116
109 142
108 56
181 192
114 48
135 119
62 93
83 138
51 135
49 103
48 24
164 24
75 124
139 15
150 114
106 75
43 79
63 105
112 65
95 174
150 177
166 25
175 113
121 9
175 167
179 125
125 20
102 93
18 31
52 161
177 3
7 174
131 199
157 163
127 44
146 116
150 142
171 17
129 38
92 124
5 109
27 47
163 162
81 50
25 194
69 171
54 130
107 138
147 81
29 191
91 161
24 114
134 102
4 55
184 139
87 61
126 173
90 28
81 147
3 181
85 175
192 98
18 67
55 89
0 16
72 5
79 151
111 159
173 108
143 193
182 162
148 111
76 4
166 11
110 187
104 199
29 116
13 53
87 59
82 90
11 92
21 9
145 176
167 61
151 42
4 144
183 64
78 186
176 152
101 42
134 64
100 190
149 49
99 107
68 57
143 134
29 59
54 53
82 136
81 13
184 84
120 95
168 107
54 114
32 128
96 27
25 156
164 62
108 70
47 76
23 11
141 55
3 163
111 9
163 94
139 145
83 38
157 182
164 98
59 99
35 32
142 176
46 132
60 81
144 83
171 168
170 5
146 49
45 15
9 78
125 152
168 179
116 112
145 151
94 52
78 97
153 175
75 151
53 170
70 66
158 79
105 93
193 5
145 196
152 189
128 163
90 41
76 94
195 97
120 194
181 184
148 11
155 176
170 185
164 124
155 17
135 179
89 162
112 182
38 52
115 50
193 34
53 142
26 82
108 121
9 106
173 129
107 21
158 93
133 15
174 189
45 129
102 86
58 142
5 31
67 51
79 65
8 175
76 194
114 146
152 113
174 170
118 10
28 177
16 157
79 152
125 136
55 2
61 164
54 163
104 33
192 6
9 24
164 170
180 33
33 84
49 196
149 171
113 177
44 148
43 69
130 141
29 53
150 199
41 88
89 174
195 180
44 139
71 126
184 12
195 95
196 24
185 166
48 6
161 168
169 140
32 105
41 168
62 19
196 20
88 63
148 115
191 102
137 94
113 14
63 118
85 39
36 172
197 199
152 146
58 78
107 9
95 18
23 18
13 162
20 25
140 147
166 95
111 193
90 53
161 118
110 191
130 47
73 61
112 54
142 173
3 46
57 96
106 86
190 185
17 160
169 1
179 192
124 151
21 168
34 61
194 88
46 132
75 170
105 165
46 134
72 78
198 129
143 175
49 32
193 0
56 138
121 99
87 29
184 171
35 174
181 69
124 173
95 52
179 199
181 82
43 189
182 92
103 160
100 49
103 128
181 88
187 19
76 43
127 82
155 30
189 156
179 187
187 35
174 167
197 192
120 24
140 127
89 74
14 136
98 17
130 94
145 184
170 94
115 126
57 121
121 150
104 58
49 27
147 199
195 71
174 112
94 58
70 74
158 158
141 194
48 5
5 195
80 110
0 102
10 74
96 93
42 131
172 179
117 35
33 176
171 169
63 110
90 65
10 84
137 86
63 35
150 148
134 178
2 151
132 87
29 19
73 155
23 18
94 96
18 61
194 45
7 53
181 112
78 198
114 93
159 61
168 0
138 56
132 115
79 30
153 187
192 131
154 91
145 135
177 22
121 53
26 120
30 44
102 28
75 44
79 185
179 61
54 124
102 73
109 169
106 135
60 83
41 91
189 45
121 123
187 123
145 79
197 88
180 176
188 40
163 7
36 65
75 13
45 111
182 97
171 192
152 7
49 197
25 165
58 103
60 181
158 98
199 189
73 146
2 35
63 17
161 178
86 83
36 166
145 45
54 29
175 169
114 128
59 105
71 58
197 69
198 197
69 180
78 57
19 148
36 79
133 127
140 1
194 94
96 186
149 138
171 85
199 143
172 33
6 118
68 145
51 56
6 27
154 134
83 52
154 94
198 37
136 174
64 141
141 52
29 28
199 137
21 167
182 78
22 189
117 68
60 76
82 37
81 144
32 95
132 36
87 170
73 37
73 70
47 84
135 167
25 175
140 78
135 65
6 73
73 197
147 90
39 145
123 91
35 169
123 2
25 121
82 185
163 55
15 17
36 195
184 90
26 8
39 40
142 2
15 150
84 131
180 33
31 42
133 170
103 101
158 192
156 37
113 35
45 136
50 104
133 97
145 125
72 195
194 30
49 55
127 49
180 26
94 175
17 125
31 61
69 156
46 102
185 12
81 15
19 141
0 45
80 76
76 122
86 85
19 49
160 10
58 152
111 12
18 123
165 24
47 13
88 57
20 151
11 132
157 157
181 161
128 144
154 157
34 113
115 182
20 70
131 151
33 135
64 112
192 144
77 160
24 79
126 81
95 40
105 125
120 139
2 62
123 65
18 34
121 40
170 179
180 126
190 32
123 158
132 70
190 168
36 114
55 52
36 18
18 97
180 102
24 194
152 51
58 192
144 12
45 28
16 94
83 172
176 63
8 117
6 122
17 81
151 3
28 119
180 124
45 66
197 96
124 30
21 5
35 65
63 199
78 32
184 55
190 16
31 24
162 128
2 110
41 34
36 185
97 98
118 34
162 162
189 186
136 109
8 112
13 15
42 153
88 32
26 175
6 92
146 4
172 110
76 122
101 154
95 198
176 46
149 3
173 124
39 8
70 93
96 166
24 186
65 68
51 81
63 9
46 18
167 49
187 11
67 130
169 156
110 98
125 3
149 66
55 114
167 59
116 27
174 137
40 177
161 48
153 188
13 42
21 151
21 63
34 19
153 93
8 98
188 144
49 24
165 171
30 128
167 104
147 193
55 128
78 25
52 44
159 171
65 69
154 38
149 64
153 81
6 168
19 55
108 159
192 9
31 178
176 66
7 10
61 0
147 163
24 117
175 185
123 145
20 41
118 11
1 193
183 111
5 49
121 187
45 4
103 113
180 185
163 8
76 159
64 199
42 74
94 54
188 157
131 162
103 141
128 130
59 188
126 99
40 89
150 73
31 109
36 99
15 132
189 76
170 171
174 97
175 147
121 68
159 99
88 179
100 165
90 173
51 97
142 109
24 117
117 166
199 40
100 170
199 164
34 13
63 13
56 105
119 9
50 145
182 118
143 6
190 169
14 58
14 94
9 37
58 44
129 199
51 77
14 70
4 90
174 184
169 171
128 139
135 104
197 163
108 182
93 48
132 55
162 163
38 197
138 108
159 151
163 138
116 82
89 29
64 117
176 79
12 101
128 122
69 126
51 133
70 144
116 97
91 109
7 84
197 55
1 159
101 151
34 112
80 71
87 25
129 48
6 180
72 28
120 70
144 147
173 19
55 92
15 141
143 116
123 67
78 174
109 199
86 24
19 196
138 98
99 135
144 172
155 150
60 83
140 81
124 43
30 127
27 173
159 17
156 198
131 163
53 146
109 85
41 13
64 108
2 173
168 174
58 18
111 60
121 5
76 75
163 22
51 58
49 196
173 44
25 81
16 52
86 32
49 122
77 22
64 13
180 160
12 17
155 146
189 109
199 21
25 144
164 140
0 70
52 174
117 176
97 93
166 157
61 22
112 78
81 47
40 122
158 87
31 148
51 164
97 196
139 178
195 69
60 39
196 194
42 128
127 78
68 153
173 167
80 40
40 156
9 55
178 88
196 170
120 35
95 70
53 152
54 71
124 56
12 148
42 5
87 183
107 149
51 130
11 96
64 67
168 41
61 37
161 99
1 99
76 165
59 150
150 134
18 73
150 103
28 127
156 163
96 30
194 59
122 116
165 96
62 46
12 32
68 104
160 41
124 92
100 27
145 130
15 119
60 187
170 15
58 105
46 36
4 20
87 78
18 78
37 120
70 92
150 103
104 169
31 27
191 80
57 176
14 58
172 101
105 182
31 114
60 135
48 65
188 51
105 158
1 19
87 165
34 149
121 4
8 55
115 109
121 6
192 28
37 131
55 79
70 88
79 87
65 175
5 155
196 195
166 118
144 199
82 157
19 1
144 191
193 192
148 116
99 23
116 66
27 85
58 6
192 139
90 186
8 199
198 167
130 148
193 85
42 183
73 18
83 59
46 20
7 72
42 119
20 127
193 164
88 146
30 57
149 150
127 43
49 113
188 108
186 77
102 65
165 128
115 11
35 17
145 164
199 159
101 24
199 90
55 71
134 188
74 117
151 75
41 33
37 95
27 143
171 122
174 182
91 101
91 171
94 129
177 140
139 69
163 170
140 60
20 161
93 56
35 70
157 87
199 184
176 59
134 30
159 196
43 165
2 189
100 146
23 98
132 132
21 77
30 117
142 192
198 55
101 61
53 109
25 153
143 112
41 41
110 31
196 66
151 34
163 192
139 96
11 100
23 28
51 47
177 68
102 164
177 111
169 110
129 123
4 123
90 181
45 169
195 1
23 173
118 196
19 83
150 84
24 129
188 65
89 193
47 146
160 68
40 83
106 154
178 178
68 78
74 147
27 169
24 156
171 146
179 27
103 57
179 184
190 173
127 79
19 110
164 18
194 78
38 13
143 17
44 7
87 2
46 164
13 165
31 1
99 159
5 31
172 32
71 38
15 86
179 27
81 58
177 69
101 185
3 69
156 178
124 196
9 170
171 131
66 69
196 77
76 86
185 186
171 108
34 115
174 88
11 122
50 188
100 184
99 130
74 129
44 149
6 115
112 72
157 175
115 113
136 151
175 46
135 10
50 71
100 164
94 171
105 24
131 107
188 175
190 144
50 112
148 88
195 152
138 125
124 64
38 153
101 90
16 62
132 95
101 79
164 18
170 120
136 134
165 109
30 101
102 38
22 68
27 122
142 48
27 185
144 36
58 118
47 169
195 167
193 168
27 75
140 54
155 50
34 128
121 0
29 16
110 141
119 171
129 143
129 126
170 127
50 64
91 128
39 90
31 182
120 42
95 17
36 59
110 128
177 158
42 36
172 70
52 81
56 149
62 77
3 152
116 190
97 194
65 135
12 51
81 94
149 162
115 3
104 111
160 100
78 183
184 44
165 178
125 48
32 157
4 162
196 106
140 57
175 53
71 68
71 93
81 6
25 51
6 148
163 65
28 73
89 14
147 195
131 56
143 133
6 50
10 64
117 189
163 32
3 111
115 131
20 152
10 130
9 4
43 135
26 163
50 141
165 22
133 119
157 144
179 46
121 1
161 126
188 64
182 71
166 103
18 181
47 174
57 107
180 157
170 101
167 169
3 104
112 74
45 128
110 120
105 126
131 14
18 161
141 38
91 149
127 34
144 75
81 177
4 126
65 129
155 137
186 91
165 79
102 60
84 149
173 1
54 98
132 113
115 85
129 158
155 15
151 54
164 82
102 78
145 112
129 72
142 189
63 46
34 62
4 187
148 157
57 83
71 141
100 17
133 198
169 144
63 141
108 31
167 30
6 9
166 33
82 25
149 84
154 9
191 2
32 24
99 82
135 5
127 135
154 152
29 144
70 90
106 35
168 31
111 112
22 183
139 82
8 70
189 55
43 141
95 11
28 76
167 168
128 142
170 77
17 102
108 142
100 133
54 169
13 12
144 41
167 160
194 184
197 12
191 90
122 70
199 98
152 87
87 19
160 180
124 139
23 46
40 7
192 94
54 104
105 112
100 116
86 176
93 198
120 129
24 147
4 46
56 88
6 99
46 136
162 198
170 169
187 133
149 122
103 94
172 131
130 109
124 146
106 134
183 157
159 91
43 20
133 1
140 20
91 188
51 93
118 177
17 74
40 187
18 31
198 66
36 67
122 80
26 176
12 3
189 73
53 149
144 138
20 47
19 45
169 179
175 3
172 169
186 85
7 132
159 83
151 184
164 11
111 171
19 76
8 179
187 71
142 6
145 196
84 66
64 38
5 66
113 75
184 139
50 18
160 0
130 57
25 134
39 140
109 111
155 197
199 114
3 88
27 161
131 72
36 17
166 48
180 121
54 47
50 168
179 157
190 43
29 155
25 46
110 95
82 4
55 126
84 136
111 126
125 64
124 163
100 90
192 15
17 58
76 26
131 64
123 115
44 84
92 8
125 51
158 177
76 49
15 185
144 128
48 91
3 145
65 45
6 40
125 14
96 8
175 15
106 130
193 72
151 13
56 4
88 38
88 172
139 24
0 49
140 50
24 131
133 125
96 6
91 180
74 60
92 182
100 94
169 0
177 38
197 26
16 31
171 58
176 70
39 139
165 119
141 123
190 42
123 82
81 102
29 46
29 40
158 29
165 163
78 181
139 185
28 176
28 49
103 188
196 52
94 162
125 139
180 63
21 107
80 143
137 142
125 64
14 124
60 105
74 39
1 82
103 149
24 111
19 104
17 30
7 68
96 115
99 189
148 123
16 196
46 98
89 33
182 119
79 65
105 183
186 23
179 54
52 139
58 31
46 28
189 97
32 199
138 177
5 130
119 83
32 152
193 57
180 178
78 169
135 79
6 140
41 166
166 18
147 55
187 26
167 81
122 13
187 97
178 98
167 13
88 129
155 31
177 113
12 116
132 122
35 29
74 176
128 100
145 127
65 21
194 188
45 139
74 184
115 131
44 193
198 163
106 52
48 56
143 88
51 188
45 114
59 131
147 47
81 70
144 180
118 47
173 26
7 80
184 130
80 51
50 93
128 6
103 9
40 172
43 170
151 117
41 105
61 178
116 167
131 167
32 93
81 40
46 112
55 56
65 197
136 87
95 76
66 120
146 71
103 144
50 128
62 87
69 145
181 127
170 10
127 184
89 151
165 92
13 8
13 191
52 144
191 146
64 106
106 153
45 74
133 38
16 106
70 178
131 140
58 149
71 51
81 128
192 95
189 43
34 154
103 154
61 139
162 69
4 38
194 40
26 131
191 14
46 175
6 61
103 141
3 82
26 23
59 68
98 75
124 91
112 147
158 169
185 21
143 103
115 86
149 167
114 44
114 108
155 160
90 98
160 100
176 62
149 32
69 178
122 102
143 141
134 53
105 9
31 187
195 174
98 62
98 1
196 75
75 78
73 99
175 129
2 35
69 122
52 177
187 171
192 199
168 116
15 24
88 166
27 11
26 184
119 83
21 179
198 105
7 195
76 45
61 125
1 150
116 88
84 68
96 184
79 21
99 22
173 51
110 157
23 8
133 104
78 129
157 86
72 52
19 134
8 141
43 106
117 173
133 4
42 55
9 97
152 105
157 149
162 126
68 3
82 34
141 70
84 73
119 33
55 163
104 56
89 68
186 196
192 68
190 69
153 7
109 4
44 166
30 41
1 21
0 105
130 72
63 96
46 77
168 183
54 166
23 3
191 115
52 65
85 181
13 181
69 138
93 123
133 52
80 192
166 44
40 68
36 119
19 78
109 59
100 181
137 166
141 179
142 23
26 52
58 160
57 30
58 152
148 11
107 66
187 115
125 21
84 27
111 161
39 39
103 187
94 116
123 183
187 11
107 107
118 13
139 96
132 125
107 16
89 82
9 99
50 1
144 158
65 172
59 73
160 50
131 128
155 176
39 69
144 15
147 90
149 181
89 9
87 61
152 20
198 64
3 149
26 34
102 140
162 70
32 158
34 127
90 132
145 58
82 130
86 11
75 74
23 163
42 50
46 2
95 127
57 171
21 72
123 158
138 60
50 74
65 101
80 89
182 48
124 101
81 118
167 133
2 119
94 116
195 115
113 168
196 56
176 162
186 110
182 91
19 85
152 181
15 158
81 128
186 3
3 175
64 27
199 43
88 151
130 41
54 72
46 54
48 47
167 92
109 125
147 178
175 198
140 148
143 180
41 152
37 110
33 12
191 153
71 146
176 34
149 151
29 29
52 185
17 195
5 155
197 79
45 182
90 84
129 102
47 100
76 158
59 53
143 154
85 126
122 52
69 117
158 21
123 73
11 129
76 175
163 88
181 189
115 57
50 34
188 134
71 131
128 38
177 41
97 61
84 183
125 88
105 121
11 143
91 68
153 94
103 47
86 95
191 85
129 74
20 119
142 49
148 88
6 126
22 172
32 66
91 194
166 141
176 191
56 82
158 128
45 52
134 88
24 95
135 161
116 91
73 137
155 97
45 192
124 23
27 177
138 19
97 82
198 90
71 192
123 50
182 32
137 94
99 12
100 87
49 40
93 48
76 191
79 87
11 22
51 102
81 187
44 52
71 70
155 163
114 39
74 131
192 6
58 86
72 95
54 68
57 123
173 28
17 70
171 195
123 186
87 76
99 37
120 142
2 30
73 0
139 118
54 105
180 197
114 60
184 153
33 149
56 187
191 42
128 75
111 196
120 54
134 75
184 16
87 127
111 156
125 160
193 197
190 20
115 174
171 3
33 87
175 38
8 55
117 169
36 102
159 165
99 64
143 91
141 49
80 114
77 112
103 70
110 167
85 35
67 117
191 162
134 57
75 87
177 107
174 177
156 83
69 130
192 61
99 102
189 126
73 147
198 120
17 192
4 148
124 61
93 70
188 51
156 47
0 2
27 148
52 185
141 146
29 190
141 72
15 165
59 21
156 64
59 125
23 183
9 34
102 54
190 161
77 19
130 115
92 1
178 54
193 180
122 163
14 3
178 117
100 95
9 181
24 52
64 36
124 187
169 66
36 177
89 34
135 144
173 90
9 48
86 145
52 126
35 160
61 42
36 76
1 80
45 129
106 199
141 167
53 29
71 93
126 125
184 6
10 175
192 122
137 52
73 180
109 20
193 104
147 40
102 7
94 1
20 1
71 171
39 80
78 52
4 136
184 171
124 134
147 174
142 157
51 125
73 105
193 60
26 86
151 162
113 68
180 154
29 127
53 145
122 187
74 54
127 191
152 99
81 73
24 64
162 15
80 144
143 166
89 75
22 87
5 133
53 171
125 162
172 105
83 98
21 8
156 29
61 195
142 38
115 106
100 95
69 190
66 172
172 140
55 34
120 6
82 97
127 162
132 162
47 129
17 191
32 5
20 110
2 16
23 182
100 197
54 177
12 144
34 22
18 130
150 93
53 33
4 11
121 63
101 183
119 150
29 5
197 175
170 163
153 97
149 29
101 140
192 192
97 59
48 78
69 163
113 113
81 38
199 149
133 84
148 59
173 8
120 22
39 7
168 165
149 131
117 131
145 128
75 27
36 35
156 112
129 3
194 132
70 75
168 25
46 20
76 100
137 30
90 46
37 47
149 143
175 34
193 102
44 115
54 144
66 143
147 40
109 79
182 114
40 148
26 131
12 104
122 178
93 92
159 123
127 90
84 102
83 14
103 187
193 76
28 119
190 118
168 30
74 143
63 92
53 104
154 61
64 119
181 121
105 125
46 109
57 21
44 92
174 34
19 179
166 197
159 170
144 45
108 125
174 13
172 59
160 26
89 32
72 196
119 141
72 16
147 166
118 166
161 87
164 5
73 31
94 194
27 123
152 154
130 66
127 169
126 198
145 196
57 73
197 166
72 159
50 77
127 58
189 5
50 141
198 13
164 34
88 140
28 55
134 123
134 70
22 68
37 151
165 50
72 158
112 137
131 103
136 26
18 135
170 20
197 150
21 83
167 76
66 4
103 25
40 185
5 127
26 198
82 107
160 80
173 106
25 128
52 164
47 186
23 132
47 65
55 157
178 35
111 39
90 121
58 42
34 131
120 125
171 106
6 111
44 80
24 108
30 14
32 196
19 81
131 91
174 11
102 188
9 170
82 78
193 24
25 54
116 119
153 76
78 72
88 57
65 64
32 141
174 125
131 67
192 178
188 79
169 80
6 3
28 37
42 182
37 16
66 75
43 89
67 176
74 83
14 84
143 27
80 73
24 172
150 31
172 44
112 39
9 59
24 169
106 93
169 41
159 86
93 162
103 132
47 94
68 117
118 21
33 47
163 116
196 135
103 45
174 192
11 136
4 78
107 94
121 68
86 113
80 143
124 198
161 120
187 7
3 29
91 64
28 142
75 94
157 89
130 34
39 65
170 147
53 72
116 97
67 89
58 76
54 21
44 37
71 189
129 135
79 35
27 195
109 66
12 71
166 97
194 61
185 32
108 41
15 80
5 154
160 61
137 176
127 29
26 192
75 18
100 16
149 26
176 183
176 151
27 126
87 144
160 16
142 20
107 24
5 106
112 73
152 138
55 10
7 5
81 63
97 116
82 144
144 49
187 78
67 112
87 182
104 149
155 178
194 80
64 14
199 172
58 120
53 113
53 187
34 130
65 95
105 3
39 191
38 142
199 50
122 118
164 149
171 195
18 125
11 108
112 8
18 108
142 121
168 83
192 185
97 54
81 181
84 60
160 55
65 28
174 175
27 37
7 50
17 59
77 71
101 71
173 134
176 184
176 189
185 199
46 41
109 58
194 23
193 181
91 18
192 68
194 145
130 91
1 124
70 60
140 93
129 30
34 110
80 79
10 139
164 157
183 159
90 185
0 126
149 186
61 34
29 57
115 52
133 54
59 155
151 9
141 18
26 77
144 91
166 100
107 34
56 24
38 7
184 36
113 54
44 172
98 188
187 187
47 122
63 179
94 173
84 71
96 30
124 71
36 155
89 22
77 11
64 72
127 136
193 152
140 151
92 52
31 163
155 52
146 33
196 56
140 147
47 53
26 94
157 113
94 97
43 28
147 2
34 37
115 116
10 175
167 89
48 159
135 95
110 107
179 62
59 198
148 157
104 61
139 138
45 104
153 41
37 83
16 82
86 63
187 79
36 46
6 193
143 7
2 91
96 99
10 119
44 186
103 101
27 97
11 133
112 108
114 143
64 68
31 199
158 43
178 67
32 192
29 148
70 69
174 127
125 174
29 131
54 142
172 48
195 91
5 12
89 135
152 81
20 1
62 47
105 160
58 16
65 125
110 116
87 135
142 189
21 192
97 178
8 136
134 163
16 188
130 43
124 23
123 13
73 27
106 60
44 191
37 193
95 168
157 1
84 150
68 76
194 58
137 114
90 65
117 176
30 147
92 97
78 47
52 140
175 100
6 119
0 93
167 13
142 138
97 173
43 44
39 114
78 197
109 11
38 93
140 189
88 119
6 24
176 156
118 47
156 68
172 186
169 137
19 119
45 55
50 171
190 2
199 116
39 194
137 82
84 118
91 63
126 153
60 175
68 199
187 156
24 98
197 113
70 142
146 75
109 197
162 11
137 53
36 67
193 53
195 52
14 140
152 199
65 66
54 154
26 111
130 47
162 42
51 39
103 186
111 122
13 36
139 3
105 46
158 0
183 175
167 54
156 63
85 93
10 11
23 185
6 116
123 76
33 82
161 143
31 23
168 68
129 169
70 194
126 130
12 23
155 100
151 91
85 54
96 186
67 62
64 51
162 20
15 66
132 0
143 110
162 148
175 86
197 114
165 55
77 65
90 105
124 149
128 141
193 25
172 67
178 145
81 87
142 122
132 49
145 39
71 36
48 139
40 153
177 179
184 6
112 115
199 82
89 194
12 23
129 91
18 40
129 184
56 64
177 42
8 178
112 1
104 7
9 107
142 114
144 134
66 79
165 123
67 55
173 64
94 0
153 36
46 163
48 40
64 116
171 167
110 77
158 61
47 65
51 96
133 12
93 92
106 37
50 61
71 115
185 23
51 138
175 68
196 42
187 129
94 181
180 26
192 56
114 25
11 87
158 0
150 11
23 45
177 155
199 87
120 139
197 141
123 189
38 0
92 114
182 69
118 74
124 190
62 192
190 182
104 38
108 146
2 33
111 113
3 199
19 145
6 52
188 134
32 180
61 173
88 114
102 120
28 156
145 154
129 58
86 51
109 114
113 103
183 149
87 68
116 199
68 158
123 150
48 28
15 98
140 33
160 145
105 40
26 183
173 31
8 34
109 199
198 66
179 165
15 22
124 46
18 194
127 103
123 165
137 21