60 40 #Width Height
20 # Generations
16 5
17 5
16 6
17 6
24 5
25 4
26 4
27 5
25 6
27 6
26 7
35 4
36 3
36 6
37 4
40 6
39 7
41 7
40 8
44 5
45 5
44 6
45 6
46 6
45 7
46 7
3 11
3 13
4 10
5 10
6 10
7 10
7 11
7 12
6 13
20 9
21 8 
21 10
22 8
22 10
23 9
32 7
32 8
33 7
33 9
34 8
37 10
36 11
38 11
37 12
54 10
55 11
53 12
54 12
55 12
7 24
8 25
8 26
5 27
6 27
7 27
8 27
14 14
15 14
14 15
15 15
20 14
21 14
19 15
22 15
20 16
22 16
21 17
15 20
15 21
16 22
17 19
18 20
18 21
16 29
16 30
17 29
17 30
17 31
18 28
18 30
18 31
19 28
19 29
19 30
20 19
27 14
28 13
28 15
29 13
29 16
30 14
30 15
25 21
25 22
24 22
26 22
26 21
27 21
33 16
33 17
34 16
34 18
35 17
39 14
39 15
39 16
43 15
44 15
45 15
42 19
42 20
42 21
50 18
52 18
51 19
52 19
51 20
32 24
33 24
34 24
31 25
32 25
33 25
29 31
29 32
30 30
30 31
30 32
31 30
31 31
31 33
32 31
32 32
32 33
33 32
39 24
40 24
39 25
40 25
41 25
40 26
41 26
47 27
48 28
46 29
47 29
48 29
56 23
56 25
57 24
57 25
58 24